31 90 93 195 253 321 326 359 370 438 542 546 550 551 586 592 729 731 734 941 944 990 1092 1134 1232 1234
25 31 90 93 148 152 159 189 195 197 238 253 297 321 326 327 330 331 333 359 370 427 438 458 542 543 546 550 551 586 592 722 724 729 731 734 826 837 845 879 882 889 904 912 937 941 944 952 963 990 1000 1003 1040 1078 1092 1150 1188 1227 1232 1234
18 166 187 238 366 370 394 427 430 432 447 463 501 505 517 550 590 609 668 767 905 912 988 989 1074 1077 1091 1102 1143 1170 1171 1203
8 160 333 346 384 555 590 778 837 912 922 952 986 1086 1112 1179
29 58 88 98 179 200 202 250 370 427 432 438 469 475 589 590 724 732 733 888 912 941 969 982 983 1018 1019 1022 1036 1065 1118
8 61 85 148 152 160 200 238 271 330 346 370 384 427 505 554 555 577 586 590 722 731 763 769 922 944 945 952 983 990 1000 1015 1033 1071 1077 1086 1090 1091 1112 1118 1173 1181 1227 1232 1234
187 223 228 229 333 369 370 382 394 401 432 438 485 513 550 590 631 632 668 722 812 819 833 860 945 990 1005 1007 1015 1025 1032 1060 1071 1134 1163 1169 1180 1234
370 443 457 590 614 668 678 679 702 945 990 1091 1134 1144
79 152 176 177 179 260 265 370 469 479 590 706 778 905 912 1065 1086
7 160 161 176 177 200 260 265 370 451 479 505 589 590 763 778 874 884 912 987 1065 1071 1086 1089 1090 1091 1234 1238
1 3 4 8 9 11 13 15 17 21 29 30 32 33 40 41 45 46 50 56 57 58 59 60 69 78 88 92 94 95 97 98 147 163 166 170 173 174 181 182 183 186 189 199 202 204 211 226 237 240 241 242 243 244 248 250 256 259 261 263 264 265 266 267 268 272 274 275 276 278 279 281 283 286 287 294 297 300 301 314 317 322 331 333 339 348 351 352 353 354 355 359 361 362 364 370 376 381 385 392 395 396 398 405 412 413 416 422 423 426 428 431 434 443 454 455 466 468 473 474 475 478 485 486 489 508 512 538 545 549 550 551 552 553 559 562 579 582 586 594 598 601 603 611 615 626 641 642 643 648 659 667 673 682 683 684 688 690 694 695 700 704 714 719 720 722 724 725 727 728 729 731 732 733 735 751 752 756 759 762 763 764 767 768 770 771 772 773 779 781 782 784 787 788 791 794 796 797 798 799 801 803 808 809 822 833 834 835 836 838 844 854 859 866 867 868 870 872 875 880 882 883 888 893 894 896 897 900 906 913 914 935 941 944 947 965 974 982 985 990 992 993 997 998 1000 1018 1019 1023 1033 1040 1041 1043 1047 1051 1054 1056 1057 1058 1063 1080 1085 1091 1093 1095 1097 1098 1103 1106 1107 1108 1115 1116 1118 1119 1125 1134 1177 1184 1186 1189 1191 1192 1216 1217 1219 1226 1232 1234 1235
17 43 148 181 185 189 193 200 213 226 238 258 333 342 354 370 377 392 429 434 446 465 472 473 479 489 492 503 510 514 550 559 586 596 599 607 611 643 653 661 671 687 692 705 722 724 729 731 735 763 764 767 778 783 788 804 806 822 824 826 837 838 839 842 845 856 858 859 879 883 888 889 908 910 914 915 926 930 934 940 941 944 946 952 990 1000 1014 1023 1031 1033 1040 1066 1071 1093 1147 1151 1186 1188 1192 1195 1226 1227 1232 1234
145 180 272 422 467 489 550 586 722 724 873 999 1000 1020 1023 1033 1233
78 192 209 270 277 282 309 311 322 359 370 400 435 436 440 442 494 498 504 505 533 536 571 742 745 789 955 1016 1091 1092 1121 1143 1156 1158 1197 1199 1200 1204 1223
12 30 43 192 257 322 603 606 1097
9 40 43 75 454 455 520 526 527 673 883 1087
52 68 140 190 392 416 538 539 751 757
145 180 270 272 362 467 595 667 728 782 787 985 1018 1019 1118
268 324 449 992 1191
59 183 370 579 803 833 1000 1017 1033 1097 1232